dbNumber, versionNumber, soldAt, dateSold


2
1
27.43
27/05/2008


5
1
25.06
31/01/2067


7
1
7.55
02/09/2019


5
1
17.81
19/01/2056


1
1
21.43
11/09/2056


2
1
8.86
09/07/2059


4
1
6.17
18/09/2014


3
1
24.63
17/09/2062


2
1
6.3
07/02/2063


5
1
27.97
30/11/2091


3
1
16.96
29/04/2056


5
1
26.83
15/12/2008


2
1
29.24
19/07/2039


2
1
27.41
27/02/2028


1
1
28.49
16/04/2068


5
1
13.73
10/10/2072


3
1
5.87
26/07/2040


3
1
18.42
04/09/2055


2
1
8.66
12/07/2032


4
1
15.77
21/09/2057


2
1
25.67
01/04/2024


3
1
17.99
15/06/2073


1
1
14.58
20/01/2038


4
1
21.2
15/11/2075


2
1
17.64
10/03/2083


1
1
7.82
13/04/2066


6
1
20.22
13/08/2042


6
1
25.11
21/04/2030


1
1
18.23
29/01/2040


1
1
20.58
23/04/2040


2
1
15.08
02/08/2050


3
1
18.57
01/09/2061


7
1
23.98
02/11/2024


6
1
7.88
05/06/2074


3
1
6.27
28/09/2054


1
1
21.85
26/08/2009


4
1
9.04
29/01/2084


1
1
19.94
11/04/2060


4
1
21.79
04/03/2086


1
1
14.65
24/12/2014


3
1
6.15
04/01/2039


3
1
23.3
31/12/2082


4
1
17.52
24/10/2050


3
1
29.68
10/06/2094


4
1
10.76
18/02/2014


1
1
22.42
22/05/2014


4
1
19.1
01/01/2033


6
1
5.51
18/10/2061


3
1
21.07
28/07/2000


5
1
14.89
24/02/2020


4
1
16.98
20/06/2083


3
1
14.37
03/06/2041


7
1
11.25
29/10/2049


6
1
25.46
19/12/2034


5
1
11.88
18/09/2025


6
1
18.8
23/11/2043


6
1
19.05
04/12/2057


4
1
18.48
02/09/2049


6
1
16.39
16/11/2012


4
1
5.37
14/06/2065


7
1
21.6
03/10/2005


2
1
26.51
22/12/2039


1
1
19.65
28/05/2018


4
1
19.78
23/11/2084


6
1
20.85
24/09/2040


6
1
21.93
23/10/2082


3
1
29.98
26/01/2090


2
1
21.6
15/10/2071


4
1
16.24
29/07/2077


2
1
24.77
15/04/2092


4
1
26.49
02/06/2057


6
1
8.79
03/07/2009


6
1
6.82
11/09/2015


5
1
19.55
25/04/2001


2
1
15.89
02/01/2062


4
1
29.04
29/11/2048


2
1
26.69
14/01/2090


1
1
15.84
24/02/2034


1
1
10.91
19/11/2044


4
1
18.0
24/11/2088


1
1
8.78
23/06/2076


1
1
18.84
07/07/2049


4
1
20.09
23/01/2078


2
1
18.82
07/09/2072


2
1
10.07
09/07/2062


2
1
11.12
09/05/2076


6
1
9.27
23/11/2077


2
1
5.37
20/12/2068


7
1
6.46
18/06/2093


5
1
27.32
08/08/2081


5
1
19.9
09/03/2042


5
1
7.49
18/01/2067


4
1
22.02
13/02/2017


5
1
6.34
03/08/2075


2
1
21.64
17/10/2006


6
1
11.29
16/07/2083


1
1
14.25
11/04/2036


1
1
6.61
14/12/2033


6
1
18.38
02/08/2024


3
1
8.04
21/09/2029


6
1
17.56
21/04/2086


4
1
17.84
06/07/2011


2
1
7.49
16/06/2036


5
1
23.56
16/08/2074


2
1
25.79
13/10/2075


3
1
17.27
08/09/2079


5
1
5.46
25/05/2005


7
1
27.04
16/03/2044


1
1
14.65
04/04/2050


3
1
25.83
27/05/2070


1
1
9.74
27/06/2014


3
1
16.08
25/10/2035


5
1
13.79
04/09/2014


6
1
23.4
12/03/2051


7
1
9.06
05/05/2066


6
1
20.45
22/05/2044


2
1
16.43
21/07/2032


2
1
25.44
11/03/2096


5
1
14.31
10/02/2025


4
1
17.83
01/05/2008


5
1
11.3
18/06/2051


7
1
27.46
01/08/2079


4
1
17.65
01/07/2079


5
1
5.97
07/07/2002


7
1
20.04
09/05/2046


1
1
15.9
19/07/2041


7
1
14.0
09/06/2006


3
1
6.68
23/03/2011


5
1
18.25
27/05/2003


5
1
9.86
01/11/2054


7
1
21.4
24/10/2085


4
1
10.98
17/03/2018


1
1
23.81
06/05/2004


3
1
24.81
03/11/2010


4
1
7.92
01/09/2029


4
1
23.66
11/10/2070


6
1
7.73
02/10/2027


5
1
29.91
17/04/2084


2
1
14.33
31/08/2083


7
1
17.55
04/07/2020


2
1
6.23
04/05/2086


1
1
10.0
20/06/2063


2
1
24.72
06/09/2084


3
1
26.55
28/12/2089


6
1
6.73
10/03/2079


7
1
29.53
29/08/2073


7
1
5.58
19/12/2012


4
1
26.99
11/10/2093


1
1
11.89
01/11/2093


6
1
26.91
26/12/2053


1
1
29.54
29/07/2001


4
1
17.6
03/01/2013


7
1
28.06
14/06/2075


4
1
25.57
24/07/2043


2
1
22.3
14/04/2052


6
1
18.21
17/07/2081


3
1
6.6
12/09/2010


6
1
20.57
25/02/2015


4
1
24.96
09/05/2048


4
1
22.07
05/09/2043


6
1
5.33
09/04/2052


5
1
22.98
19/09/2045


7
1
11.03
28/04/2095


3
1
19.57
11/01/2021


5
1
13.26
16/12/2056


2
1
16.2
20/09/2072


2
1
10.58
08/05/2009


6
1
19.66
17/01/2010


1
1
11.27
23/12/2096


5
1
26.83
12/01/2030


2
1
19.36
12/05/2075


5
1
14.91
09/05/2026


2
1
15.58
09/09/2052


7
1
27.41
14/06/2009


5
1
23.98
11/05/2040


7
1
6.11
17/04/2048


5
1
22.28
14/01/2092


5
1
21.44
11/11/2050


6
1
22.1
08/04/2081


1
1
28.27
13/12/2000


7
1
23.65
09/04/2056


2
1
28.81
04/08/2054


6
1
11.14
12/05/2075


1
1
7.78
06/10/2048


5
1
26.13
31/05/2000


1
1
10.09
08/06/2056


2
1
15.45
14/04/2015


1
1
21.16
07/08/2041


5
1
23.58
18/09/2045


3
1
10.63
24/02/2086


6
1
22.76
18/05/2055


1
1
26.79
19/05/2049


3
1
9.53
05/03/2065


2
1
14.66
02/08/2007


6
1
23.69
14/11/2040


2
1
5.52
26/03/2027


2
1
28.84
11/03/2066


2
1
9.95
29/09/2018


7
1
9.82
17/04/2031


7
1
21.38
28/05/2080


6
1
18.25
10/06/2091


1
1
6.15
27/06/2048


4
1
27.1
05/07/2018


2
1
14.77
10/06/2045


4
1
6.36
25/08/2039


3
1
11.73
31/08/2072


3
1
15.46
06/11/2029


2
1
21.54
30/08/2025


4
1
16.19
29/06/2044


4
1
21.97
24/06/2065


4
1
13.27
29/09/2062


1
1
9.37
25/08/2082


7
1
14.97
03/05/2063


7
1
18.15
07/08/2081


7
1
10.02
20/09/2064


6
1
21.09
23/10/2027


1
1
8.08
08/02/2042


2
1
10.69
22/09/2097


2
1
15.53
27/07/2087


6
1
9.62
14/03/2023


4
1
11.98
21/12/2086


3
1
29.11
18/08/2090


7
1
16.17
29/09/2057


7
1
21.86
30/12/2005


6
1
24.55
20/09/2011


5
1
7.67
18/11/2077


4
1
16.68
24/12/2022


3
1
27.53
12/02/2025


5
1
13.77
15/10/2073


2
1
19.4
11/09/2054


7
1
15.98
03/04/2002


2
1
8.1
23/09/2038


3
1
12.35
07/10/2094


6
1
17.21
30/10/2090


6
1
26.48
16/04/2090


7
1
19.13
12/09/2046


3
1
27.03
20/12/2068


1
1
14.61
03/04/2091


7
1
5.16
18/11/2024


4
1
6.33
03/07/2075


7
1
22.46
28/12/2035


3
1
21.45
12/10/2079


4
1
8.05
03/04/2075


7
1
21.66
11/04/2046


3
1
26.78
18/09/2047


2
1
15.33
14/08/2071


1
1
6.34
15/12/2039


3
1
29.12
07/05/2027


5
1
29.34
21/04/2001


5
1
7.16
23/08/2039


2
1
16.56
16/12/2090


3
1
25.41
13/08/2086


5
1
9.67
07/07/2085


2
1
24.61
04/08/2091


7
1
5.18
27/02/2099


5
1
15.88
21/01/2040


5
1
14.53
15/04/2040


3
1
24.34
26/03/2075


7
1
18.48
09/01/2079


1
1
15.74
04/02/2073


4
1
27.91
09/04/2044


7
1
13.15
28/01/2092


1
1
21.31
15/06/2016


1
1
7.39
23/10/2020


3
1
29.64
16/09/2056


2
1
5.69
26/01/2043


7
1
20.76
09/11/2013


5
1
9.39
07/01/2053


7
1
17.86
15/10/2062


1
1
15.39
06/12/2042


3
1
29.14
31/10/2062


1
1
19.94
27/09/2074


5
1
24.03
18/01/2015


5
1
12.67
26/09/2051


6
1
29.1
26/12/2023


2
1
15.43
28/03/2095


5
1
20.72
10/05/2046


7
1
13.78
05/07/2090


2
1
20.38
27/11/2057


7
1
21.32
12/02/2010


6
1
11.01
16/04/2093


3
1
12.18
05/05/2071


3
1
9.76
31/05/2083


1
1
14.65
07/09/2042


1
1
21.86
30/09/2074


4
1
6.4
07/01/2083


5
1
26.7
01/04/2046


2
1
6.73
20/03/2060


7
1
6.39
10/05/2052


1
1
28.55
14/02/2073


5
1
6.72
08/03/2026


5
1
19.71
01/06/2063


2
1
21.56
02/04/2040


4
1
17.86
21/05/2058


4
1
14.75
24/11/2029


5
1
25.07
04/06/2002


2
1
6.26
13/05/2034


4
1
8.99
29/08/2004


1
1
22.54
11/11/2028


2
1
16.16
13/02/2082


7
1
7.16
11/01/2078


7
1
22.45
19/02/2069


2
1
13.91
08/03/2092


5
1
24.8
14/08/2030


5
1
5.21
08/03/2041


2
1
10.61
13/04/2048


1
1
7.1
04/05/2023


1
1
24.1
11/10/2000


5
1
26.3
23/12/2096


2
1
15.9
25/06/2008


3
1
23.95
26/11/2087


2
1
15.84
05/11/2050


4
1
20.77
17/04/2047


6
1
23.04
17/10/2078


1
1
13.49
08/10/2078


7
1
7.58
10/08/2082


3
1
12.31
13/05/2067


6
1
25.37
10/05/2061


6
1
22.02
17/11/2017


7
1
5.27
29/04/2086


5
1
17.66
21/02/2049


2
1
20.24
08/06/2015


2
1
22.12
11/12/2002


2
1
15.92
29/10/2037


6
1
14.86
10/02/2097


1
1
20.74
23/07/2048


3
1
23.86
31/10/2004


2
1
26.63
16/08/2076


1
1
29.44
09/03/2087


3
1
19.04
25/09/2095


2
1
14.32
30/11/2019


6
1
19.08
26/09/2090


2
1
10.41
09/02/2070


2
1
24.0
18/02/2084


5
1
8.61
25/05/2095


1
1
8.96
02/02/2096


4
1
16.99
26/10/2031


2
1
15.26
03/09/2025


3
1
6.34
10/08/2078


2
1
25.62
09/11/2061


4
1
13.45
22/06/2022


5
1
8.09
16/08/2001


2
1
13.95
25/02/2003


2
1
12.38
25/09/2010


7
1
18.61
10/07/2081


7
1
10.23
18/10/2048


7
1
9.85
14/08/2053


7
1
13.23
02/08/2058


1
1
24.37
22/03/2069


1
1
6.33
23/09/2000


1
1
7.1
13/10/2034


2
1
11.2
02/07/2037


3
1
19.68
28/04/2014


3
1
15.67
18/08/2006


7
1
12.19
23/10/2023


3
1
5.12
12/12/2090


6
1
8.11
16/01/2066


1
1
20.83
02/05/2019


1
1
13.0
13/01/2017


2
1
28.32
25/04/2094


3
1
10.61
16/12/2008


3
1
14.23
08/03/2021


5
1
26.48
18/08/2010


4
1
27.44
04/11/2000


4
1
6.86
16/05/2013


5
1
10.33
19/08/2020


4
1
24.07
23/07/2080


1
1
25.81
14/10/2093


4
1
25.13
31/12/2074


7
1
16.54
24/11/2050


2
1
21.75
16/05/2026


5
1
27.68
14/09/2091


2
1
13.32
11/11/2086


4
1
18.36
14/02/2084


3
1
13.34
10/01/2017


5
1
13.71
08/10/2080


4
1
5.43
24/01/2010


4
1
28.22
13/10/2058


7
1
27.78
03/07/2006


1
1
22.2
17/04/2047


1
1
14.58
10/10/2019


2
1
28.5
01/04/2030


7
1
7.14
25/05/2050


2
1
21.34
10/08/2051


7
1
25.01
30/07/2080


4
1
8.44
23/09/2096


3
1
15.41
19/10/2090


5
1
6.9
17/10/2065


1
1
24.68
15/12/2007


6
1
25.55
29/12/2010


3
1
15.09
07/09/2084


7
1
24.7
22/03/2077


7
1
19.45
18/02/2064


6
1
6.21
25/01/2070


2
1
27.24
05/04/2077


6
1
24.59
08/05/2036


1
1
23.06
07/06/2007


2
1
26.07
04/03/2004


6
1
16.75
15/02/2043


7
1
17.65
17/08/2012


7
1
28.58
09/12/2068


2
1
8.68
16/01/2013


6
1
21.29
14/05/2094


4
1
9.2
27/07/2019


1
1
18.88
08/04/2078


6
1
6.02
24/02/2054


4
1
6.83
12/10/2054


5
1
5.36
22/12/2052


1
1
24.07
05/02/2028


6
1
9.68
17/07/2009


5
1
27.26
05/02/2051


2
1
8.42
30/05/2017


7
1
25.84
16/11/2033


6
1
24.47
03/07/2057


4
1
9.01
29/05/2009


5
1
22.78
02/07/2067


1
1
5.52
20/10/2025


2
1
13.76
01/10/2051


3
1
15.97
20/12/2037


7
1
20.37
24/06/2007


1
1
11.57
09/01/2029


4
1
15.11
09/06/2026


1
1
25.03
25/11/2087


3
1
21.21
05/03/2065


2
1
19.13
28/11/2087


4
1
15.81
07/05/2012


1
1
23.34
29/03/2073


6
1
15.5
05/07/2087


2
1
25.78
13/09/2006


7
1
11.16
17/11/2090


7
1
21.15
30/04/2021


7
1
10.18
13/10/2074


6
1
29.01
28/06/2044


6
1
10.6
29/11/2050


5
1
16.09
11/03/2083


7
1
8.5
20/06/2007


5
1
8.71
21/05/2023


4
1
13.3
21/03/2038


4
1
24.87
28/10/2064


1
1
18.25
04/09/2085


6
1
19.84
12/11/2032


6
1
11.46
15/12/2011


5
1
6.61
25/10/2067


1
1
11.61
27/08/2058


4
1
26.88
22/01/2039


2
1
22.36
06/11/2042


2
1
29.42
01/02/2080


2
1
23.45
20/10/2010


2
1
16.34
02/10/2099


5
1
12.55
27/09/2037


7
1
16.42
20/05/2084


4
1
11.26
04/02/2088


6
1
11.22
25/11/2015


2
1
16.49
21/12/2009


3
1
17.39
18/07/2037


7
1
24.55
14/03/2006


4
1
29.56
11/11/2036


4
1
17.81
07/09/2095


3
1
29.09
15/06/2090


6
1
12.15
09/03/2052


2
1
26.63
29/11/2093


5
1
14.03
18/09/2058


3
1
14.49
31/08/2089


5
1
16.88
07/06/2068


5
1
27.0
23/04/2063


3
1
18.88
12/06/2006


2
1
20.73
23/04/2006


3
1
9.23
06/09/2053


6
1
23.94
29/11/2049


1
1
6.13
16/07/2033


5
1
20.47
11/02/2007


2
1
13.51
13/09/2045


4
1
21.65
29/09/2030


5
1
20.6
09/06/2076


4
1
6.46
01/10/2084


2
1
25.77
03/10/2025


6
1
27.75
13/07/2056


6
1
10.1
09/11/2054


1
1
22.66
08/08/2054


5
1
20.17
02/08/2062


2
1
13.13
22/07/2048


6
1
23.35
21/08/2056


5
1
20.15
29/07/2096


6
1
7.01
29/05/2078


2
1
27.87
01/01/2024


3
1
14.83
31/07/2085


5
1
16.2
17/11/2062


7
1
7.15
27/03/2097


5
1
11.24
28/10/2007


7
1
15.11
14/10/2020


7
1
6.39
07/01/2060


3
1
29.0
15/04/2013


7
1
15.22
12/03/2041


1
1
14.69
04/02/2024


3
1
29.24
19/09/2042


1
1
21.98
27/10/2067


6
1
8.56
11/08/2012


4
1
7.46
25/04/2021


2
1
5.8
12/06/2027


3
1
9.39
24/11/2023


5
1
14.76
27/06/2004


5
1
19.01
03/10/2053


1
1
8.16
02/05/2060


7
1
25.5
21/03/2079


4
1
13.79
16/05/2009


4
1
21.97
07/07/2006


4
1
13.36
06/07/2009


2
1
9.49
09/01/2046


5
1
28.02
12/06/2015


6
1
9.43
12/09/2088


7
1
12.25
22/09/2029


7
1
7.94
23/07/2040


6
1
29.33
30/04/2080


1
1
9.8
10/05/2040


1
1
22.98
29/10/2025


7
1
22.96
22/09/2070


6
1
23.52
10/03/2061


7
1
20.13
14/05/2002


4
1
13.6
08/05/2029


3
1
21.01
15/01/2000


7
1
25.63
19/09/2014


2
1
19.33
07/07/2091


3
1
8.22
02/09/2072


3
1
5.1
10/04/2044


4
1
27.84
20/05/2057


5
1
19.7
13/05/2048


6
1
8.14
03/10/2033


4
1
14.12
26/03/2085


2
1
16.02
28/12/2083


4
1
23.54
17/02/2077


5
1
21.74
12/07/2068


3
1
25.57
30/03/2021


7
1
14.8
29/11/2056


4
1
6.97
17/05/2079


2
1
24.16
08/07/2045


2
1
23.35
12/01/2077


6
1
22.73
07/12/2006


7
1
11.06
28/06/2048


3
1
21.41
24/02/2087


1
1
25.13
22/03/2074


5
1
14.69
05/08/2031


1
1
11.01
16/05/2002


6
1
16.12
23/06/2024


7
1
15.47
29/05/2086


1
1
18.84
12/02/2061


2
1
27.58
12/06/2000


3
1
6.88
26/02/2000


3
1
21.99
04/11/2077


7
1
15.57
16/09/2075


3
1
20.95
07/03/2052


3
1
8.65
28/10/2016


1
1
7.45
14/10/2061


3
1
21.67
12/02/2041


4
1
21.55
06/08/2063


3
1
18.91
12/09/2011


6
1
20.76
27/11/2043


2
1
25.79
11/08/2018


6
1
29.35
16/11/2083


1
1
7.94
23/05/2001


3
1
14.37
17/03/2051


4
1
14.8
06/09/2063


4
1
11.21
25/03/2057


3
1
22.05
16/12/2067


6
1
20.08
27/02/2097


3
1
12.9
13/06/2087


6
1
16.9
25/01/2040


7
1
8.4
29/01/2050


2
1
28.08
14/05/2093


6
1
15.56
15/09/2085


6
1
16.64
07/03/2082


2
1
29.11
20/07/2025


6
1
11.15
22/05/2023


2
1
12.52
06/05/2021


3
1
22.1
15/01/2046


7
1
12.29
06/02/2033


4
1
29.41
09/10/2069


7
1
22.05
21/02/2088


3
1
22.25
31/08/2020


4
1
28.77
09/04/2053


2
1
6.65
19/09/2048


7
1
18.56
21/09/2081


1
1
22.21
23/06/2092


4
1
12.49
16/08/2084


6
1
29.38
26/01/2061


1
1
27.28
18/10/2017


1
1
19.36
10/08/2045


1
1
6.84
30/04/2057


5
1
21.29
16/01/2029


6
1
6.45
21/08/2029


5
1
16.05
23/08/2057


2
1
8.22
01/03/2026


6
1
14.87
15/11/2057


5
1
28.36
28/04/2066


5
1
12.53
03/07/2004


4
1
27.97
11/04/2054


3
1
7.96
28/09/2074


5
1
8.92
29/05/2018


6
1
21.56
09/10/2061


3
1
26.56
28/03/2052


6
1
16.72
15/07/2079


3
1
10.75
15/03/2003


3
1
28.46
02/06/2013


7
1
20.62
14/11/2020


3
1
27.46
05/10/2035


6
1
21.6
09/03/2066


6
1
11.07
08/11/2050


5
1
6.83
09/03/2017


4
1
25.95
08/10/2029


2
1
25.92
04/01/2072


3
1
25.62
19/08/2016


3
1
23.04
22/12/2071


3
1
26.11
09/09/2068


2
1
7.86
14/08/2038


5
1
21.94
11/03/2061


4
1
22.42
12/01/2058


3
1
6.52
18/01/2095


1
1
17.91
31/03/2070


4
1
28.09
07/11/2082


2
1
13.9
28/03/2051


1
1
19.2
04/06/2089


5
1
22.17
26/03/2094


6
1
13.59
13/02/2035


1
1
11.78
17/10/2045


4
1
14.98
27/09/2049


5
1
14.66
29/08/2024


6
1
25.03
11/05/2042


5
1
24.54
19/02/2063


5
1
14.3
30/11/2091


1
1
12.94
22/04/2052


7
1
18.45
26/08/2015


4
1
14.23
18/03/2027


4
1
6.62
19/06/2038


7
1
26.73
16/06/2047


7
1
16.48
12/11/2010


5
1
6.67
15/02/2016


6
1
9.56
04/08/2017


4
1
5.44
22/01/2082


3
1
15.84
30/06/2079


2
1
25.68
13/10/2066


3
1
28.75
06/09/2000


3
1
17.77
07/01/2020


2
1
24.09
24/06/2048


3
1
29.38
15/10/2091


4
1
26.74
07/02/2081


2
1
14.04
28/04/2084


4
1
22.54
14/02/2090


4
1
18.81
11/02/2027


3
1
27.88
04/06/2017


2
1
22.94
28/09/2011


7
1
15.45
18/11/2083


1
1
8.17
23/12/2086


4
1
17.43
24/01/2014


2
1
6.41
29/09/2077


3
1
20.64
26/02/2049


6
1
27.67
24/02/2010


5
1
25.21
30/11/2060


5
1
6.68
04/09/2007


2
1
11.36
11/04/2024


3
1
8.76
05/11/2002


1
1
27.41
27/08/2037


3
1
10.26
19/05/2062


7
1
9.05
24/03/2005


6
1
24.69
16/06/2060


7
1
5.38
16/05/2000


3
1
18.47
18/05/2018


1
1
10.81
20/09/2037


2
1
25.29
23/04/2024


2
1
12.64
09/10/2020


4
1
7.49
08/02/2046


1
1
26.73
11/08/2048


3
1
11.66
11/02/2028


3
1
29.5
09/05/2030


5
1
28.3
08/07/2079


4
1
6.26
06/01/2028


6
1
27.41
25/09/2066


4
1
12.02
03/12/2045


3
1
23.56
10/01/2094


6
1
21.52
26/03/2043


1
1
17.19
24/10/2056


4
1
21.17
15/10/2098


4
1
19.09
01/09/2035


6
1
15.85
18/07/2034


6
1
5.64
26/05/2042


3
1
20.67
24/02/2078


2
1
8.18
17/08/2007


7
1
18.77
16/05/2034


2
1
18.2
16/07/2031


7
1
22.32
17/10/2014


2
1
11.02
14/04/2001


3
1
16.75
02/06/2099


1
1
23.07
28/03/2043


5
1
26.44
07/08/2006


5
1
23.77
01/11/2037


3
1
10.75
06/12/2062


1
1
7.14
03/01/2033


3
1
8.02
31/07/2032


2
1
11.05
26/06/2066


6
1
16.9
07/10/2096


2
1
12.47
22/03/2046


4
1
22.58
17/05/2071


3
1
13.26
03/03/2064


1
1
20.92
23/11/2001


1
1
9.56
11/07/2072


3
1
27.08
12/10/2023


1
1
14.11
03/09/2059


1
1
18.77
30/12/2084


6
1
23.99
25/02/2077


6
1
18.52
23/05/2000


1
1
23.25
31/01/2074


1
1
12.94
12/06/2085


3
1
18.16
14/12/2044


6
1
17.22
15/01/2072


5
1
28.91
19/09/2068


1
1
18.57
24/07/2089


6
1
15.38
15/02/2078


6
1
19.5
06/05/2011


5
1
7.49
20/05/2030


1
1
6.99
25/01/2053


3
1
13.91
13/11/2044


3
1
17.33
06/01/2082


2
1
17.11
30/04/2017


7
1
26.71
20/11/2016


6
1
18.23
26/02/2043


5
1
5.63
20/07/2032


7
1
13.52
18/08/2006


7
1
13.2
18/10/2099


1
1
9.87
18/08/2086


5
1
19.91
18/08/2039


4
1
28.54
06/09/2006


1
1
5.33
09/06/2066


2
1
8.75
01/01/2068


2
1
28.83
16/08/2023


4
1
19.62
12/05/2033


1
1
10.04
25/04/2034


7
1
18.33
06/10/2043


5
1
27.58
22/02/2064


2
1
20.18
23/06/2055


2
1
28.19
27/12/2059


5
1
14.41
01/04/2087


2
1
15.12
18/02/2056


7
1
19.53
31/07/2077


5
1
12.45
19/06/2025


2
1
26.41
31/05/2067


3
1
13.2
29/09/2008


3
1
21.35
27/11/2088


6
1
21.63
14/02/2090


3
1
21.22
06/08/2056


7
1
8.57
17/03/2039


1
1
29.79
23/06/2063


1
1
23.12
12/12/2044


4
1
7.04
03/02/2088


4
1
10.92
19/12/2094


1
1
8.91
06/03/2007


3
1
22.78
02/07/2052


5
1
10.88
25/09/2011


4
1
11.66
11/02/2072


7
1
18.07
19/02/2097


6
1
6.19
20/03/2072


7
1
10.83
04/04/2081


5
1
8.56
19/02/2026


2
1
23.91
29/01/2000


6
1
16.51
27/09/2034


6
1
24.46
23/01/2050


2
1
10.34
13/05/2041


6
1
21.68
06/04/2039


1
1
15.35
15/05/2002


5
1
18.98
13/11/2009


4
1
25.38
02/02/2071


7
1
14.32
13/02/2053


6
1
9.16
29/07/2066


5
1
23.87
26/02/2066


3
1
13.51
17/10/2050


4
1
29.5
03/12/2032


6
1
16.97
28/04/2059


3
1
8.38
01/02/2096


2
1
22.01
04/11/2053


7
1
11.25
01/05/2070


5
1
21.67
20/01/2057


7
1
28.96
31/05/2029


2
1
18.53
21/02/2040


1
1
25.4
08/09/2099


7
1
12.91
13/11/2058


5
1
29.66
05/07/2018


6
1
11.39
26/12/2079


7
1
21.26
29/06/2008


5
1
9.38
19/04/2062


6
1
10.49
27/05/2036


5
1
23.04
01/02/2074


6
1
14.38
08/08/2017


4
1
8.66
01/02/2021


2
1
27.87
18/05/2054


6
1
15.29
14/09/2044


6
1
22.84
24/03/2097


1
1
7.36
22/10/2048


6
1
11.39
03/10/2091


2
1
10.08
28/01/2042


7
1
12.4
06/12/2078


6
1
20.4
02/06/2051


5
1
29.94
11/11/2057


6
1
13.93
19/08/2094


1
1
23.13
11/10/2091


2
1
6.82
19/08/2076


1
1
17.65
04/05/2040


4
1
8.66
22/11/2021


7
1
19.76
05/03/2095


7
1
28.44
02/12/2004


2
1
23.28
23/06/2050


5
1
17.04
15/06/2074


5
1
19.53
17/07/2029


2
1
7.24
27/07/2083


6
1
13.23
14/12/2096


6
1
23.59
30/08/2013


3
1
27.34
08/12/2026


6
1
11.91
13/07/2022


4
1
5.93
25/10/2001


2
1
20.96
30/11/2074


7
1
17.39
21/06/2038


6
1
25.02
22/02/2038


7
1
29.8
12/09/2079


3
1
29.47
02/05/2095


6
1
19.69
04/07/2091


3
1
27.58
22/02/2003


1
1
6.41
24/02/2025


4
1
9.61
26/12/2088


2
1
12.31
29/01/2014


5
1
8.11
27/03/2029


1
1
13.97
28/09/2042


6
1
25.5
22/02/2079


7
1
26.94
13/06/2014


6
1
7.23
21/03/2002


2
1
9.31
23/02/2024


5
1
9.1
30/04/2048


2
1
9.46
19/04/2033


7
1
27.62
09/08/2054


5
1
16.33
27/01/2091


5
1
23.62
22/05/2050


4
1
28.52
16/07/2020


2
1
8.01
26/02/2054


6
1
13.91
10/07/2029


2
1
28.78
21/05/2069


3
1
10.49
17/04/2085


1
1
24.94
16/11/2036


2
1
26.5
25/12/2036


5
1
10.92
14/02/2095


7
1
6.52
27/08/2053


6
1
7.66
07/10/2070


7
1
12.6
06/08/2096


4
1
21.03
14/12/2042


2
1
28.38
22/11/2080


6
1
27.86
27/03/2023


4
1
13.31
20/02/2002


2
1
26.05
26/09/2073


7
1
17.07
03/05/2019


2
1
13.59
29/10/2047


1
1
10.4
09/05/2037


3
1
12.02
13/06/2012


3
1
27.32
15/02/2018


2
1
12.87
25/11/2007


2
1
29.94
08/12/2051


2
1
13.6
04/12/2081


7
1
22.28
06/11/2008


3
1
9.53
14/06/2031


1
1
6.65
03/07/2050


4
1
16.87
23/03/2063


5
1
28.79
22/01/2070


5
1
15.98
02/08/2002


6
1
10.42
21/11/2036


6
1
9.01
19/08/2090


7
1
21.2
26/11/2098


6
1
15.52
25/12/2049


1
1
19.89
27/04/2049


2
1
23.08
31/12/2008


7
1
12.51
30/05/2017


3
1
16.39
04/04/2067


3
1
7.77
08/12/2034


1
1
22.81
25/05/2056


3
1
10.55
11/12/2020


6
1
11.48
06/10/2010


1
1
21.71
23/01/2074


1
1
28.45
07/01/2033


6
1
16.29
18/01/2032


1
1
29.23
28/12/2002


1
1
22.0
11/08/2050


1
1
20.1
13/08/2035


1
1
27.63
12/12/2058


2
1
15.97
11/04/2069


4
1
8.86
30/08/2030


5
1
17.44
04/12/2056


4
1
14.93
04/01/2022


1
1
17.05
19/05/2034


1
1
7.91
09/06/2076


1
1
23.13
17/11/2013


4
1
16.08
08/07/2047


4
1
19.08
07/02/2006


7
1
22.95
10/11/2084


1
1
14.57
31/08/2005


6
1
14.22
02/10/2025


7
1
21.17
04/08/2073


7
1
11.79
08/04/2016


7
1
22.49
18/04/2077


3
1
19.48
24/01/2003


1
1
29.93
26/08/2055


4
1
6.9
18/11/2085


6
1
18.72
20/06/2032


5
1
22.34
21/11/2071


3
1
23.38
30/05/2010


1
1
25.33
28/03/2032


1
1
20.67
15/03/2096


2
1
14.02
24/08/2093


7
1
18.59
23/08/2016


4
1
21.66
06/12/2074


4
1
21.04
11/08/2034


7
1
14.72
14/04/2070


7
1
5.2
12/04/2022


6
1
24.88
24/02/2018


4
1
8.23
24/06/2038


2
1
25.02
22/04/2059


5
1
19.71
21/07/2051


1
1
10.99
01/06/2024


5
1
9.68
27/03/2024


6
1
11.22
21/07/2017


3
1
13.37
25/10/2071


2
1
26.87
14/07/2091


2
1
10.03
08/04/2065


6
1
14.6
02/11/2083


1
1
15.76
18/12/2099


2
1
19.83
21/02/2002


2
1
5.39
08/05/2051


2
1
19.51
20/12/2089


6
1
28.23
15/03/2036


6
1
19.04
27/05/2089


2
1
18.32
08/12/2092


4
1
12.79
13/08/2022


4
1
11.63
23/01/2031


7
1
5.7
03/10/2078


7
1
28.38
08/04/2055


7
1
23.79
31/08/2020


3
1
28.81
10/11/2073


4
1
29.09
13/12/2060


7
1
21.89
17/09/2018


5
1
25.58
17/12/2063


1
1
14.71
27/04/2016


6
1
9.68
01/09/2095


5
1
21.97
06/05/2042


2
1
11.8
19/04/2083


6
1
12.66
02/10/2086


5
1
25.9
20/03/2090


6
1
7.49
04/02/2089


5
1
27.08
20/02/2060


6
1
19.33
10/02/2090


2
1
17.34
03/11/2065


2
1
29.77
15/02/2036


5
1
20.07
20/06/2063


7
1
10.98
25/05/2037


7
1
17.19
20/10/2073


5
1
10.52
26/06/2005


5
1
14.71
25/03/2068


5
1
17.35
15/06/2053


4
1
28.34
05/03/2011


4
1
24.76
14/06/2019


7
1
11.53
09/12/2004


7
1
29.92
19/05/2010


7
1
27.07
16/11/2034


5
1
25.83
28/12/2094


5
1
14.61
26/11/2064


4
1
28.5
10/04/2030


3
1
14.11
19/06/2073


4
1
14.15
05/11/2038


2
1
17.92
28/06/2091


4
1
9.59
14/07/2090


4
1
15.48
17/03/2042


1
1
8.05
08/04/2011


3
1
20.76
08/05/2094


6
1
15.5
04/10/2054


3
1
16.58
09/03/2073


4
1
20.64
30/09/2026


4
1
7.68
28/03/2037


1
1
16.42
10/06/2036


3
1
11.82
06/05/2014


4
1
10.65
11/12/2035


6
1
6.92
15/06/2052


2
1
7.84
28/12/2075


7
1
21.51
22/07/2060


5
1
5.16
20/10/2018


6
1
9.31
19/05/2036


5
1
14.37
20/06/2077


2
1
21.82
14/09/2056


4
1
12.27
22/12/2011


3
1
15.02
28/05/2091


6
1
12.78
24/05/2040


6
1
29.85
02/03/2026


3
1
9.03
22/10/2020


4
1
13.32
18/10/2097


3
1
9.65
07/04/2017


7
1
20.6
28/09/2037


2
1
14.78
21/02/2001


2
1
22.21
09/03/2097


4
1
20.54
15/05/2032


4
1
10.21
15/08/2067


1
1
29.24
14/08/2055

